

Experiment 1 Results (DTLearner RMSE vs. Leaf Size)
--------------------------------------------------
Leaf Size    In-Sample RMSE       Out-of-Sample RMSE  
-----------  -------------------- --------------------
1            0.000000             0.008435            
2            0.002346             0.008528            
3            0.003230             0.008087            
4            0.003251             0.008057            
5            0.004119             0.007507            
6            0.004361             0.007212            
7            0.004361             0.007212            
8            0.004361             0.007212            
9            0.004408             0.007255            
10           0.005009             0.007403            
11           0.005094             0.007566            
12           0.005094             0.007566            
13           0.005094             0.007566            
14           0.005094             0.007566            
15           0.005094             0.007566            
16           0.005094             0.007566            
17           0.005094             0.007566            
18           0.005094             0.007566            
19           0.005169             0.007525            
20           0.005719             0.007533            
21           0.006118             0.007676            
22           0.006118             0.007676            
23           0.006118             0.007676            
24           0.006118             0.007676            
25           0.006118             0.007676            
26           0.006118             0.007676            
27           0.006118             0.007676            
28           0.006118             0.007676            
29           0.006118             0.007676            
30           0.006118             0.007676            
31           0.006118             0.007676            
32           0.006118             0.007676            
33           0.006118             0.007676            
34           0.006118             0.007676            
35           0.006118             0.007676            
36           0.006118             0.007676            
37           0.006118             0.007676            
38           0.006130             0.007685            
39           0.006130             0.007685            
40           0.006799             0.008154            
41           0.006878             0.008373            
42           0.006948             0.008275            
43           0.006948             0.008275            
44           0.006948             0.008275            
45           0.006948             0.008275            
46           0.006948             0.008275            
47           0.006948             0.008275            
48           0.006948             0.008275            
49           0.006948             0.008275            
50           0.006948             0.008275            
51           0.006948             0.008275            
52           0.006948             0.008275            
53           0.006948             0.008275            
54           0.006948             0.008275            
55           0.006948             0.008275            
56           0.006948             0.008275            
57           0.006948             0.008275            
58           0.006948             0.008275            
59           0.006948             0.008275            
60           0.006948             0.008275            
61           0.006948             0.008275            
62           0.006948             0.008275            
63           0.006948             0.008275            
64           0.006948             0.008275            
65           0.006948             0.008275            
66           0.006948             0.008275            
67           0.006948             0.008275            
68           0.006948             0.008275            
69           0.006948             0.008275            
70           0.006948             0.008275            
71           0.006948             0.008275            
72           0.006948             0.008275            
73           0.006948             0.008275            
74           0.006948             0.008275            
75           0.006948             0.008275            
76           0.006948             0.008275            
77           0.006948             0.008275            
78           0.006948             0.008275            
79           0.006948             0.008275            
80           0.007353             0.008856            
81           0.007514             0.009156            
82           0.007514             0.009156            
83           0.007514             0.009156            
84           0.007514             0.009156            
85           0.007514             0.009156            
86           0.007514             0.009156            
87           0.007514             0.009156            
88           0.007514             0.009156            
89           0.007514             0.009156            
90           0.007514             0.009156            
91           0.007514             0.009156            
92           0.007514             0.009156            
93           0.007514             0.009156            
94           0.007514             0.009156            
95           0.007514             0.009156            
96           0.007514             0.009156            
97           0.007514             0.009156            
98           0.007514             0.009156            
99           0.007514             0.009156            


Experiment 1 Results (DTLearner RMSE vs. Leaf Size)
--------------------------------------------------
Leaf Size    In-Sample RMSE       Out-of-Sample RMSE  
-----------  -------------------- --------------------
1            0.000545             0.008244            
2            0.002503             0.007859            
3            0.003424             0.007549            
4            0.003435             0.007529            
5            0.004470             0.007448            
6            0.004498             0.007474            
7            0.004498             0.007474            
8            0.004498             0.007474            
9            0.004498             0.007474            
10           0.005340             0.007243            
11           0.005627             0.006910            
12           0.005627             0.006910            
13           0.005627             0.006910            
14           0.005627             0.006910            
15           0.005627             0.006910            
16           0.005627             0.006910            
17           0.005627             0.006910            
18           0.005627             0.006910            
19           0.005627             0.006910            
20           0.006041             0.007076            
21           0.006155             0.007088            
22           0.006155             0.007088            
23           0.006155             0.007088            
24           0.006155             0.007088            
25           0.006155             0.007088            
26           0.006155             0.007088            
27           0.006155             0.007088            
28           0.006155             0.007088            
29           0.006155             0.007088            
30           0.006155             0.007088            
31           0.006155             0.007088            
32           0.006155             0.007088            
33           0.006155             0.007088            
34           0.006155             0.007088            
35           0.006155             0.007088            
36           0.006155             0.007088            
37           0.006155             0.007088            
38           0.006155             0.007088            
39           0.006155             0.007088            
40           0.006874             0.007706            
41           0.007039             0.007936            
42           0.007039             0.007936            
43           0.007039             0.007936            
44           0.007039             0.007936            
45           0.007039             0.007936            
46           0.007039             0.007936            
47           0.007039             0.007936            
48           0.007039             0.007936            
49           0.007039             0.007936            
50           0.007039             0.007936            
51           0.007039             0.007936            
52           0.007039             0.007936            
53           0.007039             0.007936            
54           0.007039             0.007936            
55           0.007039             0.007936            
56           0.007039             0.007936            
57           0.007039             0.007936            
58           0.007039             0.007936            
59           0.007039             0.007936            
60           0.007039             0.007936            
61           0.007039             0.007936            
62           0.007039             0.007936            
63           0.007039             0.007936            
64           0.007039             0.007936            
65           0.007039             0.007936            
66           0.007039             0.007936            
67           0.007039             0.007936            
68           0.007039             0.007936            
69           0.007039             0.007936            
70           0.007039             0.007936            
71           0.007039             0.007936            
72           0.007039             0.007936            
73           0.007039             0.007936            
74           0.007039             0.007936            
75           0.007039             0.007936            
76           0.007039             0.007936            
77           0.007039             0.007936            
78           0.007039             0.007936            
79           0.007039             0.007936            
80           0.007576             0.008455            
81           0.007788             0.008683            
82           0.007788             0.008683            
83           0.007788             0.008683            
84           0.007788             0.008683            
85           0.007788             0.008683            
86           0.007788             0.008683            
87           0.007788             0.008683            
88           0.007788             0.008683            
89           0.007788             0.008683            
90           0.007788             0.008683            
91           0.007788             0.008683            
92           0.007788             0.008683            
93           0.007788             0.008683            
94           0.007788             0.008683            
95           0.007788             0.008683            
96           0.007788             0.008683            
97           0.007788             0.008683            
98           0.007788             0.008683            
99           0.007788             0.008683            


Experiment 1 Results (DTLearner RMSE vs. Leaf Size)
--------------------------------------------------
Leaf Size    In-Sample RMSE       Out-of-Sample RMSE  
-----------  -------------------- --------------------
1            0.000000             0.007101            
2            0.002504             0.006912            
3            0.003429             0.006817            
4            0.003429             0.006811            
5            0.004626             0.006440            
6            0.004689             0.006441            
7            0.004689             0.006441            
8            0.004689             0.006441            
9            0.004699             0.006478            
10           0.005360             0.006638            
11           0.005410             0.006689            
12           0.005410             0.006689            
13           0.005410             0.006689            
14           0.005410             0.006689            
15           0.005410             0.006689            
16           0.005410             0.006689            
17           0.005410             0.006689            
18           0.005410             0.006689            
19           0.005433             0.006697            
20           0.005968             0.007112            
21           0.006190             0.006912            
22           0.006190             0.006912            
23           0.006190             0.006912            
24           0.006190             0.006912            
25           0.006190             0.006912            
26           0.006190             0.006912            
27           0.006190             0.006912            
28           0.006190             0.006912            
29           0.006190             0.006912            
30           0.006190             0.006912            
31           0.006190             0.006912            
32           0.006190             0.006912            
33           0.006190             0.006912            
34           0.006190             0.006912            
35           0.006190             0.006912            
36           0.006190             0.006912            
37           0.006190             0.006912            
38           0.006190             0.006912            
39           0.006190             0.006912            
40           0.006974             0.006890            
41           0.007210             0.007124            
42           0.007210             0.007124            
43           0.007210             0.007124            
44           0.007210             0.007124            
45           0.007210             0.007124            
46           0.007210             0.007124            
47           0.007210             0.007124            
48           0.007210             0.007124            
49           0.007210             0.007124            
50           0.007210             0.007124            
51           0.007210             0.007124            
52           0.007210             0.007124            
53           0.007210             0.007124            
54           0.007210             0.007124            
55           0.007210             0.007124            
56           0.007210             0.007124            
57           0.007210             0.007124            
58           0.007210             0.007124            
59           0.007210             0.007124            
60           0.007210             0.007124            
61           0.007210             0.007124            
62           0.007210             0.007124            
63           0.007210             0.007124            
64           0.007210             0.007124            
65           0.007210             0.007124            
66           0.007210             0.007124            
67           0.007210             0.007124            
68           0.007210             0.007124            
69           0.007210             0.007124            
70           0.007210             0.007124            
71           0.007210             0.007124            
72           0.007210             0.007124            
73           0.007210             0.007124            
74           0.007210             0.007124            
75           0.007210             0.007124            
76           0.007210             0.007124            
77           0.007210             0.007124            
78           0.007210             0.007124            
79           0.007210             0.007124            
80           0.007869             0.007686            
81           0.008152             0.007971            
82           0.008152             0.007971            
83           0.008152             0.007971            
84           0.008152             0.007971            
85           0.008152             0.007971            
86           0.008152             0.007971            
87           0.008152             0.007971            
88           0.008152             0.007971            
89           0.008152             0.007971            
90           0.008152             0.007971            
91           0.008152             0.007971            
92           0.008152             0.007971            
93           0.008152             0.007971            
94           0.008152             0.007971            
95           0.008152             0.007971            
96           0.008152             0.007971            
97           0.008152             0.007971            
98           0.008152             0.007971            
99           0.008152             0.007971            


Experiment 1 Results (DTLearner RMSE vs. Leaf Size)
--------------------------------------------------
Leaf Size    In-Sample RMSE       Out-of-Sample RMSE  
-----------  -------------------- --------------------
1            0.000563             0.008632            
2            0.002186             0.008199            
3            0.003171             0.007924            
4            0.003177             0.007920            
5            0.004498             0.007458            
6            0.004621             0.007504            
7            0.004621             0.007504            
8            0.004621             0.007504            
9            0.004621             0.007504            
10           0.005506             0.007412            
11           0.005570             0.007395            
12           0.005570             0.007395            
13           0.005570             0.007395            
14           0.005570             0.007395            
15           0.005570             0.007395            
16           0.005570             0.007395            
17           0.005570             0.007395            
18           0.005570             0.007395            
19           0.005570             0.007395            
20           0.006257             0.007806            
21           0.006482             0.008135            
22           0.006482             0.008135            
23           0.006482             0.008135            
24           0.006482             0.008135            
25           0.006482             0.008135            
26           0.006482             0.008135            
27           0.006482             0.008135            
28           0.006482             0.008135            
29           0.006482             0.008135            
30           0.006482             0.008135            
31           0.006482             0.008135            
32           0.006482             0.008135            
33           0.006482             0.008135            
34           0.006482             0.008135            
35           0.006482             0.008135            
36           0.006482             0.008135            
37           0.006482             0.008135            
38           0.006482             0.008135            
39           0.006482             0.008135            
40           0.007237             0.008235            
41           0.007486             0.008177            
42           0.007486             0.008177            
43           0.007486             0.008177            
44           0.007486             0.008177            
45           0.007486             0.008177            
46           0.007486             0.008177            
47           0.007486             0.008177            
48           0.007486             0.008177            
49           0.007486             0.008177            
50           0.007486             0.008177            
51           0.007486             0.008177            
52           0.007486             0.008177            
53           0.007486             0.008177            
54           0.007486             0.008177            
55           0.007486             0.008177            
56           0.007486             0.008177            
57           0.007486             0.008177            
58           0.007486             0.008177            
59           0.007486             0.008177            
60           0.007486             0.008177            
61           0.007486             0.008177            
62           0.007486             0.008177            
63           0.007486             0.008177            
64           0.007486             0.008177            
65           0.007486             0.008177            
66           0.007486             0.008177            
67           0.007486             0.008177            
68           0.007486             0.008177            
69           0.007486             0.008177            
70           0.007486             0.008177            
71           0.007486             0.008177            
72           0.007486             0.008177            
73           0.007486             0.008177            
74           0.007486             0.008177            
75           0.007486             0.008177            
76           0.007486             0.008177            
77           0.007486             0.008177            
78           0.007486             0.008177            
79           0.007486             0.008177            
80           0.007942             0.008489            
81           0.008295             0.008585            
82           0.008295             0.008585            
83           0.008295             0.008585            
84           0.008295             0.008585            
85           0.008295             0.008585            
86           0.008295             0.008585            
87           0.008295             0.008585            
88           0.008295             0.008585            
89           0.008295             0.008585            
90           0.008295             0.008585            
91           0.008295             0.008585            
92           0.008295             0.008585            
93           0.008295             0.008585            
94           0.008295             0.008585            
95           0.008295             0.008585            
96           0.008295             0.008585            
97           0.008295             0.008585            
98           0.008295             0.008585            
99           0.008295             0.008585            


Experiment 1 Results (DTLearner RMSE vs. Leaf Size)
--------------------------------------------------
Leaf Size    In-Sample RMSE       Out-of-Sample RMSE  
-----------  -------------------- --------------------
1            0.000000             0.007292            
2            0.002498             0.007106            
3            0.003434             0.006757            
4            0.003443             0.006757            
5            0.004667             0.006368            
6            0.004701             0.006381            
7            0.004701             0.006381            
8            0.004701             0.006381            
9            0.004738             0.006360            
10           0.005343             0.006254            
11           0.005507             0.006206            
12           0.005507             0.006206            
13           0.005507             0.006206            
14           0.005507             0.006206            
15           0.005507             0.006206            
16           0.005507             0.006206            
17           0.005507             0.006206            
18           0.005507             0.006206            
19           0.005539             0.006198            
20           0.006406             0.006485            
21           0.006781             0.006564            
22           0.006781             0.006564            
23           0.006781             0.006564            
24           0.006781             0.006564            
25           0.006781             0.006564            
26           0.006781             0.006564            
27           0.006781             0.006564            
28           0.006781             0.006564            
29           0.006781             0.006564            
30           0.006781             0.006564            
31           0.006781             0.006564            
32           0.006781             0.006564            
33           0.006781             0.006564            
34           0.006781             0.006564            
35           0.006781             0.006564            
36           0.006781             0.006564            
37           0.006781             0.006564            
38           0.006781             0.006564            
39           0.006781             0.006564            
40           0.007336             0.007197            
41           0.007545             0.007432            
42           0.007545             0.007432            
43           0.007545             0.007432            
44           0.007545             0.007432            
45           0.007545             0.007432            
46           0.007545             0.007432            
47           0.007545             0.007432            
48           0.007545             0.007432            
49           0.007545             0.007432            
50           0.007545             0.007432            
51           0.007545             0.007432            
52           0.007545             0.007432            
53           0.007545             0.007432            
54           0.007545             0.007432            
55           0.007545             0.007432            
56           0.007545             0.007432            
57           0.007545             0.007432            
58           0.007545             0.007432            
59           0.007545             0.007432            
60           0.007545             0.007432            
61           0.007545             0.007432            
62           0.007545             0.007432            
63           0.007545             0.007432            
64           0.007545             0.007432            
65           0.007545             0.007432            
66           0.007545             0.007432            
67           0.007545             0.007432            
68           0.007545             0.007432            
69           0.007545             0.007432            
70           0.007545             0.007432            
71           0.007545             0.007432            
72           0.007545             0.007432            
73           0.007545             0.007432            
74           0.007545             0.007432            
75           0.007545             0.007432            
76           0.007545             0.007432            
77           0.007545             0.007432            
78           0.007545             0.007432            
79           0.007545             0.007432            
80           0.007945             0.007944            
81           0.008315             0.007937            
82           0.008315             0.007937            
83           0.008315             0.007937            
84           0.008315             0.007937            
85           0.008315             0.007937            
86           0.008315             0.007937            
87           0.008315             0.007937            
88           0.008315             0.007937            
89           0.008315             0.007937            
90           0.008315             0.007937            
91           0.008315             0.007937            
92           0.008315             0.007937            
93           0.008315             0.007937            
94           0.008315             0.007937            
95           0.008315             0.007937            
96           0.008315             0.007937            
97           0.008315             0.007937            
98           0.008315             0.007937            
99           0.008315             0.007937            


Experiment 1 Results (DTLearner RMSE vs. Leaf Size)
--------------------------------------------------
Leaf Size    In-Sample RMSE       Out-of-Sample RMSE  
-----------  -------------------- --------------------
1            0.000478             0.008672            
2            0.002391             0.008501            
3            0.003217             0.008308            
4            0.003236             0.008308            
5            0.004561             0.007552            
6            0.004658             0.007509            
7            0.004658             0.007509            
8            0.004687             0.007489            
9            0.004703             0.007495            
10           0.005524             0.007323            
11           0.005691             0.007459            
12           0.005691             0.007459            
13           0.005691             0.007459            
14           0.005691             0.007459            
15           0.005691             0.007459            
16           0.005691             0.007459            
17           0.005717             0.007420            
18           0.005717             0.007420            
19           0.005717             0.007420            
20           0.006315             0.007413            
21           0.006394             0.007426            
22           0.006411             0.007471            
23           0.006411             0.007471            
24           0.006411             0.007471            
25           0.006411             0.007471            
26           0.006411             0.007471            
27           0.006411             0.007471            
28           0.006411             0.007471            
29           0.006411             0.007471            
30           0.006411             0.007471            
31           0.006411             0.007471            
32           0.006411             0.007471            
33           0.006411             0.007471            
34           0.006411             0.007471            
35           0.006411             0.007471            
36           0.006411             0.007471            
37           0.006448             0.007464            
38           0.006448             0.007464            
39           0.006448             0.007464            
40           0.006807             0.007727            
41           0.007115             0.007727            
42           0.007115             0.007727            
43           0.007130             0.007769            
44           0.007130             0.007769            
45           0.007130             0.007769            
46           0.007130             0.007769            
47           0.007130             0.007769            
48           0.007130             0.007769            
49           0.007130             0.007769            
50           0.007130             0.007769            
51           0.007130             0.007769            
52           0.007130             0.007769            
53           0.007130             0.007769            
54           0.007130             0.007769            
55           0.007130             0.007769            
56           0.007130             0.007769            
57           0.007130             0.007769            
58           0.007130             0.007769            
59           0.007130             0.007769            
60           0.007130             0.007769            
61           0.007130             0.007769            
62           0.007130             0.007769            
63           0.007130             0.007769            
64           0.007130             0.007769            
65           0.007130             0.007769            
66           0.007130             0.007769            
67           0.007130             0.007769            
68           0.007130             0.007769            
69           0.007130             0.007769            
70           0.007130             0.007769            
71           0.007130             0.007769            
72           0.007130             0.007769            
73           0.007130             0.007769            
74           0.007130             0.007769            
75           0.007130             0.007769            
76           0.007130             0.007769            
77           0.007130             0.007769            
78           0.007130             0.007769            
79           0.007130             0.007769            
80           0.007587             0.008204            
81           0.007870             0.008505            
82           0.007870             0.008505            
83           0.007870             0.008505            
84           0.007870             0.008505            
85           0.007870             0.008505            
86           0.007870             0.008505            
87           0.007870             0.008505            
88           0.007870             0.008505            
89           0.007870             0.008505            
90           0.007870             0.008505            
91           0.007870             0.008505            
92           0.007870             0.008505            
93           0.007870             0.008505            
94           0.007870             0.008505            
95           0.007870             0.008505            
96           0.007870             0.008505            
97           0.007870             0.008505            
98           0.007870             0.008505            
99           0.007870             0.008505            


Experiment 1 Results (DTLearner RMSE vs. Leaf Size)
--------------------------------------------------
Leaf Size    In-Sample RMSE       Out-of-Sample RMSE  
-----------  -------------------- --------------------
1            0.000457             0.007426            
2            0.002096             0.007581            
3            0.002842             0.007345            
4            0.002879             0.007292            
5            0.004269             0.006616            
6            0.004388             0.006553            
7            0.004388             0.006553            
8            0.004388             0.006553            
9            0.004398             0.006553            
10           0.005173             0.006168            
11           0.005306             0.006266            
12           0.005306             0.006266            
13           0.005306             0.006266            
14           0.005306             0.006266            
15           0.005306             0.006266            
16           0.005306             0.006266            
17           0.005306             0.006266            
18           0.005306             0.006266            
19           0.005318             0.006282            
20           0.006147             0.006834            
21           0.006378             0.007153            
22           0.006378             0.007153            
23           0.006378             0.007153            
24           0.006378             0.007153            
25           0.006378             0.007153            
26           0.006378             0.007153            
27           0.006378             0.007153            
28           0.006378             0.007153            
29           0.006378             0.007153            
30           0.006378             0.007153            
31           0.006378             0.007153            
32           0.006378             0.007153            
33           0.006378             0.007153            
34           0.006378             0.007153            
35           0.006378             0.007153            
36           0.006378             0.007153            
37           0.006378             0.007153            
38           0.006378             0.007153            
39           0.006399             0.007193            
40           0.007058             0.007440            
41           0.007510             0.007265            
42           0.007510             0.007265            
43           0.007510             0.007265            
44           0.007510             0.007265            
45           0.007510             0.007265            
46           0.007510             0.007265            
47           0.007510             0.007265            
48           0.007510             0.007265            
49           0.007510             0.007265            
50           0.007510             0.007265            
51           0.007510             0.007265            
52           0.007510             0.007265            
53           0.007510             0.007265            
54           0.007510             0.007265            
55           0.007510             0.007265            
56           0.007510             0.007265            
57           0.007510             0.007265            
58           0.007510             0.007265            
59           0.007510             0.007265            
60           0.007510             0.007265            
61           0.007510             0.007265            
62           0.007510             0.007265            
63           0.007510             0.007265            
64           0.007510             0.007265            
65           0.007510             0.007265            
66           0.007510             0.007265            
67           0.007510             0.007265            
68           0.007510             0.007265            
69           0.007510             0.007265            
70           0.007510             0.007265            
71           0.007510             0.007265            
72           0.007510             0.007265            
73           0.007510             0.007265            
74           0.007510             0.007265            
75           0.007510             0.007265            
76           0.007510             0.007265            
77           0.007510             0.007265            
78           0.007510             0.007265            
79           0.007510             0.007265            
80           0.008171             0.007690            
81           0.008336             0.008069            
82           0.008336             0.008069            
83           0.008336             0.008069            
84           0.008336             0.008069            
85           0.008336             0.008069            
86           0.008336             0.008069            
87           0.008336             0.008069            
88           0.008336             0.008069            
89           0.008336             0.008069            
90           0.008336             0.008069            
91           0.008336             0.008069            
92           0.008336             0.008069            
93           0.008336             0.008069            
94           0.008336             0.008069            
95           0.008336             0.008069            
96           0.008336             0.008069            
97           0.008336             0.008069            
98           0.008336             0.008069            
99           0.008336             0.008069            
